.Random.seed <-
c(403L, 10L, -313318154L, 1870869809L, 593864035L, 996550450L, 
721744004L, 614173895L, 425729949L, 302148372L, 1419606458L, 
338530309L, -129792545L, -365766554L, -1594382352L, -435785453L, 
310226609L, 1138739552L, -1933074690L, -234079607L, 1630180795L, 
-517820534L, -1987733908L, -787519505L, -1763762139L, -844943140L, 
-599189838L, 1949112749L, 264678759L, -1982571890L, -1305722008L, 
2079611755L, 1801045257L, 516717464L, 516029126L, -254517215L, 
-1827068749L, 1275450914L, -820959212L, 1020824727L, -564074867L, 
-601929820L, -1036224118L, 443778549L, -1589544881L, -1977503914L, 
-1332836864L, -2018420925L, -1694036255L, -769274800L, -191277906L, 
748916825L, -833023893L, -1729272358L, -1642328420L, -15310689L, 
-2020836619L, -515553396L, 1630258786L, -813770179L, -805813065L, 
-679478434L, 159784600L, 20815355L, 1191149465L, -1125484504L, 
-629563178L, -648420015L, -1687972861L, -1240327278L, 322484516L, 
380960743L, 135324733L, -238488908L, -1504968422L, -1473105307L, 
-1607248129L, -566801530L, -1635119856L, -1812961869L, -1676290479L, 
1700697600L, -655281442L, -277831383L, -1533752101L, -664585238L, 
22514572L, 1017498831L, -1917815675L, -1488470212L, -1986445806L, 
-1930748659L, 106161735L, -1024746450L, -1622785656L, -1765058421L, 
-1390513559L, -12390856L, -511990042L, -1461747071L, 106933779L, 
-822535742L, -1623895436L, 963081335L, -1946313363L, -1827634684L, 
-769662678L, -1355393387L, -250348241L, -519862218L, 2072616032L, 
750703267L, 1886537153L, -1409691216L, 219713742L, 1065963065L, 
-1895681973L, -1450966534L, 1514552572L, 1211797823L, 969158165L, 
-1301582548L, 1284251138L, 770245853L, -1207033897L, -1021887810L, 
-541541128L, 1699685083L, -27846343L, -1490166648L, 606956598L, 
521369713L, 1744571043L, 1686417394L, 11453252L, 506858503L, 
704571869L, 2014648020L, 1685092858L, -1667295931L, -2146483809L, 
-1022385370L, -951174224L, 1392076883L, 545219441L, -619203936L, 
191063614L, 676105545L, 582521851L, 2039715786L, -1702082260L, 
-1264696017L, -1855927323L, 2093601436L, 761337586L, 1444644717L, 
1555484839L, 770257614L, -1474592728L, 610860075L, -832467383L, 
-726128808L, -949489146L, 240851937L, 178026867L, -1800734238L, 
-589300396L, 1434104919L, -1091700659L, -2108212252L, -2115307062L, 
988004405L, -1335779697L, 868036502L, -258018496L, -162038269L, 
1236034593L, 252643088L, -224822034L, 1873126553L, -1798819541L, 
1965525018L, 2014249692L, -1960090913L, -483713867L, 985184844L, 
-696645982L, 568503805L, -1453553929L, 2038108190L, 692060888L, 
1803642427L, 335877081L, -1876024984L, 1603696790L, -1684802031L, 
-928133181L, -2099063854L, 511921764L, -1957397081L, 1233433341L, 
-485472524L, 123900378L, 1300919589L, -991374273L, 55059398L, 
53227600L, 524434547L, -1228828527L, -1160482624L, -814876002L, 
218945129L, 700458651L, -653079638L, -611291188L, 1491329679L, 
1959660229L, -98721156L, -245797166L, 1172417101L, -1107581177L, 
-1698452754L, 344276936L, 1288519883L, 1762877737L, 77298040L, 
736775846L, -1212843839L, -118419117L, -1065470228L, -6859460L, 
820366450L, -1370199952L, 584302628L, -1023857608L, 595660570L, 
-1349333808L, 1250893628L, -1487681644L, -1979239550L, 1201646016L, 
-167821764L, 1584416144L, 1360567842L, -691723000L, -1159295348L, 
1036353308L, 691675282L, 999766400L, -909908460L, 1955725096L, 
-1702823366L, 878689744L, -1798985364L, -1821097036L, 1955411986L, 
927888864L, -266655796L, -639172384L, 16447522L, -12918488L, 
685694476L, 2034526012L, -1870945294L, -1425474832L, -2140598716L, 
-962035112L, -1727566022L, 2089379312L, -1043622212L, -258115308L, 
-322321726L, 1370133600L, -841620612L, 1969911760L, -66199262L, 
1251777192L, -1093297268L, -2138851140L, -1221701838L, 1914833472L, 
-1565139788L, 600801864L, -597826118L, 856646160L, 436384492L, 
2044584276L, -1579818734L, 2146127264L, 1709441740L, -94249376L, 
123385794L, 548128552L, -615108692L, 1820869436L, -573363854L, 
2106448688L, 1463831844L, -494720200L, 1606909658L, 1303086992L, 
-1877291268L, 180595604L, -1225228222L, 920679680L, -2045574084L, 
1272398160L, -305622878L, -840367800L, -1436690676L, 931767004L, 
-1555763886L, 1972126848L, 1941209172L, -1225846808L, -844986118L, 
1019915088L, -1165181140L, 1424296308L, 1258761106L, 1389529184L, 
-638849652L, 1494293344L, -1654351390L, 497415080L, -109972276L, 
1766776828L, 2007541170L, 1308481008L, -1536111676L, -111819432L, 
-327100038L, 1975747504L, -1371215428L, 181770324L, -1928726590L, 
106885152L, 1965299900L, -1606880688L, 1624929250L, 627523688L, 
787858508L, -2141669124L, -1515926542L, 1857308928L, 169353588L, 
-1856525304L, 2125193146L, 2130358736L, 250674156L, -813792876L, 
-238874158L, 183562592L, -339824820L, -136939232L, -373702782L, 
292253416L, 2121662700L, -1433603012L, 2017295218L, -821240208L, 
1021629476L, -1495651528L, 1046113434L, -1344802096L, 1463869628L, 
1265561236L, -244312446L, 1803888832L, -1161108676L, -786604912L, 
1984486946L, 512610312L, 601455884L, -1696633700L, 1027571218L, 
-196313216L, -1576317420L, 1260415528L, -145443526L, -459765296L, 
2095756396L, -1985869516L, 1175762578L, -1919939744L, -447950004L, 
-1930586144L, -1280477278L, 309364648L, -89576052L, -1998673732L, 
2047314290L, 95581424L, -1725067196L, -1278664360L, -1854626246L, 
491535216L, -806782916L, -877265132L, -2124012094L, -1984595232L, 
-1986660484L, 1847246544L, 855357602L, -1911124952L, -1826208500L, 
-1017198660L, -46741198L, -403584576L, 2093402676L, 1335000008L, 
-712525638L, -753718896L, -2011713044L, -1617780140L, -1782820718L, 
-1591709920L, 1221421516L, -2058676768L, 434435778L, 1921467432L, 
1367790252L, 1152124092L, -1010873870L, 255627568L, 1378473124L, 
2070243000L, 1428389210L, 2106275216L, 1386042236L, -908752620L, 
-1101536446L, -500344064L, 134231996L, -1327505584L, -1475017950L, 
749837640L, -893040116L, -577066916L, 978861266L, 1148303872L, 
-553513644L, -1153828376L, 1307208698L, 524550352L, -870953684L, 
-1646746892L, -1905264238L, 922309728L, 554788108L, -1628876064L, 
1894386018L, -1025729880L, 119964236L, 2112631164L, -1556077262L, 
965105822L, -985008820L, -80653027L, -598757209L, -1728184368L, 
-1465354386L, -627687909L, -1155332227L, -1226617494L, -1803541496L, 
1977068721L, 48646947L, 1525987364L, 1062353618L, -2142736601L, 
-48598671L, 1853355958L, 9022292L, -509135387L, 678465519L, 1005907752L, 
1825183622L, 378561459L, 865551125L, 1650728306L, -1758699072L, 
-1153240535L, 1855059611L, 2083987308L, -934787206L, -831823697L, 
-365356103L, -206803506L, 163453212L, 1718455437L, -2109112073L, 
1338616832L, -963850658L, 1090318635L, 1986138669L, 859902618L, 
-1737232808L, 164327873L, 1270439539L, 2046008212L, 1672663586L, 
349797687L, 1123826689L, 1666720006L, -1427724988L, 1565550709L, 
559983071L, 167146808L, 1276086038L, 121456419L, 2072368357L, 
-1705381630L, 1192829808L, 2068978457L, 344685323L, -376322052L, 
-1341799382L, -543504289L, 1329405929L, 1607516414L, 1776447724L, 
715559997L, 1558800391L, -1011043344L, -1071136882L, -1463706181L, 
584301469L, 326353226L, 1554745704L, 836173649L, 1536048195L, 
458728772L, 346056178L, 1462153159L, -1992224367L, 1729946902L, 
181312884L, 1438505989L, 1544383567L, -554500024L, -280463898L, 
318196499L, 1982803061L, 189470290L, 522399904L, -359691895L, 
1083509179L, 106251788L, 1669750682L, 451987215L, 1951415641L, 
1144043502L, 769072764L, -774674707L, 1378636183L, 530528864L, 
-877924290L, 103061771L, 1873255309L, 953407674L, 1425612536L, 
1730925729L, 806064211L, -727991436L, -1450112766L, -1545492073L, 
656855905L, -2114041946L, -1660452444L, 674109525L, 1079708927L, 
-784821864L, -748033354L, -610852029L, 1461706373L, -1253166302L, 
-952760304L, 1918792633L, 1922143339L, 261908316L, -333267318L, 
1751157375L, 432518089L, -239701922L, -1703292148L, -280487203L, 
-2132855833L, -1196390384L, -830012114L, -614868517L, -965935427L, 
-1197528022L, 1397304520L, 929688049L, 974137187L, 1443471204L, 
-1426033006L, -2126589081L, 1983184177L, -1977624970L, -1295620204L, 
